Confusion matrix in case of multi-class classification (LIBSVM)
(Rows represent actual digit (0-9) and columns represent predicted digit (0-9))
[[9.690e+02 0.000e+00 1.000e+00 0.000e+00 0.000e+00 3.000e+00 4.000e+00
  1.000e+00 2.000e+00 0.000e+00]
 [0.000e+00 1.121e+03 3.000e+00 2.000e+00 1.000e+00 2.000e+00 2.000e+00
  0.000e+00 3.000e+00 1.000e+00]
 [4.000e+00 0.000e+00 1.000e+03 4.000e+00 2.000e+00 0.000e+00 1.000e+00
  6.000e+00 1.500e+01 0.000e+00]
 [0.000e+00 0.000e+00 8.000e+00 9.850e+02 0.000e+00 4.000e+00 0.000e+00
  6.000e+00 5.000e+00 2.000e+00]
 [0.000e+00 0.000e+00 4.000e+00 0.000e+00 9.620e+02 0.000e+00 6.000e+00
  0.000e+00 2.000e+00 8.000e+00]
 [2.000e+00 0.000e+00 3.000e+00 6.000e+00 1.000e+00 8.660e+02 7.000e+00
  1.000e+00 5.000e+00 1.000e+00]
 [6.000e+00 3.000e+00 0.000e+00 0.000e+00 4.000e+00 4.000e+00 9.390e+02
  0.000e+00 2.000e+00 0.000e+00]
 [1.000e+00 4.000e+00 1.900e+01 2.000e+00 4.000e+00 0.000e+00 0.000e+00
  9.870e+02 2.000e+00 9.000e+00]
 [4.000e+00 0.000e+00 3.000e+00 1.000e+01 1.000e+00 5.000e+00 3.000e+00
  3.000e+00 9.420e+02 3.000e+00]
 [4.000e+00 4.000e+00 3.000e+00 8.000e+00 1.300e+01 4.000e+00 0.000e+00
  9.000e+00 1.200e+01 9.520e+02]]

Confusion matrix in case of multi-class classification (CVXOPT)
(Rows represent actual digit (0-9) and columns represent predicted digit (0-9))
[[9.690e+02 0.000e+00 1.000e+00 0.000e+00 0.000e+00 3.000e+00 4.000e+00
  1.000e+00 2.000e+00 0.000e+00]
 [0.000e+00 1.121e+03 3.000e+00 2.000e+00 1.000e+00 2.000e+00 2.000e+00
  0.000e+00 3.000e+00 1.000e+00]
 [4.000e+00 0.000e+00 1.000e+03 4.000e+00 2.000e+00 0.000e+00 1.000e+00
  6.000e+00 1.500e+01 0.000e+00]
 [0.000e+00 0.000e+00 8.000e+00 9.910e+02 0.000e+00 1.000e+00 0.000e+00
  6.000e+00 2.000e+00 2.000e+00]
 [0.000e+00 0.000e+00 4.000e+00 0.000e+00 9.620e+02 0.000e+00 6.000e+00
  0.000e+00 2.000e+00 8.000e+00]
 [2.000e+00 0.000e+00 3.000e+00 3.000e+01 1.000e+00 8.420e+02 7.000e+00
  1.000e+00 5.000e+00 1.000e+00]
 [6.000e+00 3.000e+00 0.000e+00 0.000e+00 4.000e+00 4.000e+00 9.390e+02
  0.000e+00 2.000e+00 0.000e+00]
 [1.000e+00 4.000e+00 1.900e+01 3.000e+00 4.000e+00 0.000e+00 0.000e+00
  9.870e+02 1.000e+00 9.000e+00]
 [4.000e+00 0.000e+00 3.000e+00 3.600e+01 1.000e+00 5.000e+00 1.000e+00
  3.000e+00 9.160e+02 5.000e+00]
 [4.000e+00 4.000e+00 3.000e+00 1.000e+01 1.300e+01 4.000e+00 0.000e+00
  7.000e+00 4.000e+00 9.600e+02]]

