2(a)(i)
Training time (in s): 98.23031902313232
Number of support vectors, nSV: 150
Training accuracy (in %): 100.0
[[2000.    0.]
 [   0. 2000.]]
Macro F1-score: 1.0
F1-score for class 4: 1.0
F1-score for class 5: 1.0
Test accuracy (in %): 98.66595517609392
[[972.  10.]
 [ 15. 877.]]
Macro F1-score: 0.9866251804601451
F1-score for class 4: 0.9873031995937024
F1-score for class 5: 0.985947161326588
SV indices in X: [12, 34, 44, 48, 72, 84, 98, 104, 117, 172, 209, 224, 249, 266, 277, 343, 390, 399, 408, 423, 437, 442, 464, 525, 542, 553, 568, 573, 592, 595, 618, 630, 669, 722, 784, 898, 924, 1014, 1090, 1166, 1170, 1190, 1258, 1260, 1279, 1285, 1344, 1346, 1363, 1404, 1452, 1459, 1471, 1481, 1540, 1544, 1564, 1568, 1598, 1659, 1662, 1675, 1686, 1716, 1748, 1763, 1775, 1781, 1785, 1817, 1831, 1834, 1844, 1880, 1885, 1889, 1926, 1964, 1965, 1969, 2005, 2006, 2016, 2030, 2036, 2090, 2091, 2120, 2170, 2194, 2204, 2255, 2271, 2274, 2279, 2311, 2345, 2363, 2449, 2457, 2482, 2555, 2635, 2641, 2733, 2737, 2766, 2769, 2804, 2825, 2829, 2839, 2853, 2855, 2859, 2864, 2896, 2906, 2917, 2941, 2953, 2980, 3019, 3068, 3118, 3187, 3222, 3293, 3301, 3310, 3323, 3389, 3454, 3480, 3533, 3596, 3617, 3626, 3653, 3675, 3692, 3693, 3828, 3833, 3838, 3844, 3885, 3895, 3903, 3997]
SV coefficients (transpose): [ 9.06458637e-02 -9.41836969e-02  8.35119915e-03  1.49925819e-01
  5.58692245e-02 -1.44047362e-01  1.03122990e-01  6.06600766e-03
 -6.53714280e-02  6.36475977e-01 -2.44205340e-02 -4.31208262e-02
  1.69042665e-01 -6.35696692e-02 -3.32833844e-01 -8.69884880e-03
  6.64222498e-02 -3.20293705e-02  3.38848254e-01 -6.34290200e-02
 -4.95451017e-02  1.36366756e-01  1.71135295e-02  3.99326601e-03
  1.06471199e-01 -3.94575595e-01 -9.14302682e-02 -5.92773793e-02
 -1.32994905e-01 -2.29575074e-01 -2.81586110e-01  1.81653673e-02
 -6.44108430e-02  1.46949107e-02  1.09170856e-01  4.31358203e-02
 -1.41442783e-01 -1.09640229e-01 -1.24670101e-02  5.46528209e-01
 -2.46094837e-01  6.30922269e-02 -1.91044049e-02 -3.88112041e-01
  5.95670774e-02  5.10075389e-02 -2.77178553e-04  2.83042575e-02
  1.81665859e-02  3.41507966e-01 -1.52066340e-02  1.99338187e-01
  3.32582506e-02 -8.88835012e-02 -6.45341352e-02 -9.78842440e-02
  2.28586092e-01 -2.25098221e-01  1.03743053e-01  2.81459776e-03
 -8.18573283e-02  2.97979242e-01 -6.05758371e-01  2.29091726e-01
  1.31303892e-01  7.88781904e-03  2.46301228e-01  2.55142982e-02
  2.46373869e-02 -1.42969500e-01 -8.28256980e-02  1.22504922e-01
 -3.22095782e-01 -3.81020644e-01  2.62190393e-02 -1.00556277e-01
  1.28122008e-01  1.88436681e-01 -2.99613030e-01 -1.19257218e-01
 -3.40611136e-02  5.51688681e-02 -6.73074900e-02  7.05663824e-02
 -1.12219172e-01 -4.96939317e-01  8.48338535e-04 -1.52487816e-01
  6.68044376e-01  1.47465066e-01 -2.59640750e-01 -3.10158476e-01
 -7.28157470e-02  1.71285956e-01  3.00507947e-01 -2.31959556e-01
  3.16036800e-02  2.59881678e-02  2.73383313e-01  1.55679003e-02
 -4.33407993e-01 -5.22207576e-02  7.69646628e-02 -6.11798404e-02
 -3.67473268e-02  2.66956390e-01  2.34453622e-01  1.11319213e-01
 -2.70662875e-02  2.07834080e-02  4.44529709e-01  3.21502386e-02
 -1.00482246e-01  3.89788107e-01  1.42884097e-01 -1.31566687e-01
 -2.40062835e-01 -7.16921194e-04  1.06894913e-02  1.15787004e-01
 -2.42317755e-01 -1.57403024e-02  8.17533733e-02 -2.31313732e-01
  4.02066195e-02  5.54371349e-02  8.47061096e-02 -8.73033435e-02
  1.39039822e-01 -1.90819022e-01 -3.81982439e-02  5.59082921e-02
 -1.49169213e-01  6.79597041e-02 -7.70585916e-02  1.63416302e-01
  1.12690380e-02 -2.52192374e-01  1.22416258e-01 -9.52449344e-02
 -2.38647988e-01 -2.50610328e-03  5.60198471e-03  1.60261569e-03
  1.64134610e-01  1.41563831e-01 -7.33969034e-02  3.91073675e-01
 -8.12269199e-02  5.31953443e-03]
Weight (w) parameter (transpose): [ 0.00000000e+00  0.00000000e+00  0.00000000e+00  0.00000000e+00
  0.00000000e+00  0.00000000e+00  0.00000000e+00  0.00000000e+00
  0.00000000e+00  0.00000000e+00  0.00000000e+00  0.00000000e+00
  0.00000000e+00  0.00000000e+00  0.00000000e+00  0.00000000e+00
  0.00000000e+00  0.00000000e+00  0.00000000e+00  0.00000000e+00
  0.00000000e+00  0.00000000e+00  0.00000000e+00  0.00000000e+00
  0.00000000e+00  0.00000000e+00  0.00000000e+00  0.00000000e+00
  0.00000000e+00  0.00000000e+00  0.00000000e+00  0.00000000e+00
  0.00000000e+00  0.00000000e+00  0.00000000e+00  0.00000000e+00
  0.00000000e+00  0.00000000e+00  0.00000000e+00  0.00000000e+00
  0.00000000e+00  0.00000000e+00  0.00000000e+00  0.00000000e+00
  0.00000000e+00  0.00000000e+00  0.00000000e+00  0.00000000e+00
  0.00000000e+00  0.00000000e+00  0.00000000e+00  0.00000000e+00
  0.00000000e+00  0.00000000e+00  0.00000000e+00  0.00000000e+00
  0.00000000e+00  0.00000000e+00  0.00000000e+00  0.00000000e+00
  0.00000000e+00  0.00000000e+00  0.00000000e+00  0.00000000e+00
  0.00000000e+00  0.00000000e+00  0.00000000e+00  0.00000000e+00
  0.00000000e+00  0.00000000e+00  0.00000000e+00  0.00000000e+00
  0.00000000e+00  0.00000000e+00  0.00000000e+00  0.00000000e+00
  0.00000000e+00  0.00000000e+00  0.00000000e+00  0.00000000e+00
  0.00000000e+00  0.00000000e+00  0.00000000e+00  0.00000000e+00
  0.00000000e+00  0.00000000e+00  0.00000000e+00  3.67770387e-03
  5.33267062e-02  0.00000000e+00  0.00000000e+00  0.00000000e+00
  0.00000000e+00  0.00000000e+00  1.28234724e-03  4.20324928e-03
  2.53840290e-02  1.18462867e-01  1.25184960e-01  4.21043384e-02
  3.21189492e-01  1.04714659e-01  2.40211830e-01  1.85975874e-01
  2.82334884e-01  1.67926135e-02 -2.46861482e-01 -6.62026097e-02
  0.00000000e+00  0.00000000e+00  0.00000000e+00  0.00000000e+00
  0.00000000e+00  0.00000000e+00  0.00000000e+00  6.43598178e-03
  0.00000000e+00  0.00000000e+00 -1.72467503e-03 -8.40062568e-02
 -1.05093306e-01 -4.02361564e-03  7.73892370e-03  3.88578404e-02
  7.51933397e-02  9.58448179e-02 -2.80928763e-02  2.74128253e-01
  4.13578852e-01  6.28819912e-02  8.40996738e-02  2.05475710e-01
 -1.03295662e-02 -2.81369581e-01 -5.60899977e-01 -4.01734860e-02
  1.18126527e-01  5.49069762e-02  0.00000000e+00  0.00000000e+00
  0.00000000e+00  0.00000000e+00  0.00000000e+00  5.05684283e-02
  1.82974978e-04  5.36532482e-02  2.93197481e-02 -1.06424969e-01
 -9.91300903e-02 -1.71875823e-03 -1.27697253e-01 -2.59111294e-01
  5.36594091e-01  5.62256607e-02  1.44119171e-01 -8.17740891e-02
  1.27216851e-01  5.06771384e-02  2.11549841e-01  4.07590743e-02
  1.41896613e-01  2.41917978e-02 -1.20644880e-01 -2.19277463e-01
  1.08355706e-01  1.69993817e-01  0.00000000e+00  0.00000000e+00
  0.00000000e+00  0.00000000e+00  0.00000000e+00  0.00000000e+00
  2.96892970e-02  9.41342307e-02  9.10476442e-02 -7.65081823e-02
  9.67386709e-03  2.56534447e-01  5.10161061e-02  1.38279016e-01
  1.73363659e-01 -3.85622938e-02  1.33996327e-01  3.32801984e-01
 -7.43320498e-02 -7.91198455e-02 -7.91360567e-02  3.50944201e-01
  7.31121648e-03 -2.20167719e-01  1.00610326e-01  2.23203629e-01
  2.41266138e-01  1.00527812e-01  0.00000000e+00  0.00000000e+00
  0.00000000e+00  0.00000000e+00  0.00000000e+00  0.00000000e+00
  5.63810220e-02  4.38380438e-02  5.56476848e-02  6.38891088e-02
 -1.40631700e-02  2.72356662e-01 -3.69954208e-02  5.76669560e-02
  3.75424617e-01  6.67688076e-02  2.99306350e-01  1.61661874e-01
  3.48293651e-01  1.32219253e-01 -7.97141256e-02 -7.80580694e-02
  3.43979493e-02 -8.28211349e-02 -6.68340507e-02  2.28354623e-01
  1.98169999e-01  9.38210108e-02 -4.61142924e-03  0.00000000e+00
  0.00000000e+00  0.00000000e+00  0.00000000e+00  0.00000000e+00
  5.63211393e-02  7.76381688e-02 -9.87161181e-02 -5.45224071e-02
 -6.91479350e-02  5.18463089e-02  8.83839500e-02 -2.15878692e-01
 -3.36055532e-02  2.50894721e-02  2.86996041e-02 -1.33241487e-01
  2.95419173e-01  4.64410247e-02  1.93548805e-01 -5.38537475e-02
  5.13436085e-01  4.02566319e-01  4.14774521e-01  3.98002464e-01
  3.51506352e-01  4.85378557e-01  5.81828678e-03  0.00000000e+00
  0.00000000e+00  0.00000000e+00  0.00000000e+00  0.00000000e+00
  5.64442315e-02 -4.63883383e-02 -1.14288675e-01  1.00403830e-01
  3.44563682e-02 -1.34265742e-01  1.26439726e-01  1.92442208e-02
  1.17470030e-01  1.28153887e-01 -1.78940770e-02  1.16340246e-01
  2.75915163e-03 -2.57382974e-01 -2.97337573e-02  8.70517938e-02
  2.03080459e-01  8.87179253e-02 -4.22060732e-02  2.36638094e-01
  2.41824326e-01  3.67213316e-01  4.08954617e-03  0.00000000e+00
  0.00000000e+00  0.00000000e+00  0.00000000e+00  0.00000000e+00
 -6.50101822e-03 -1.20595699e-01  1.86911422e-03  1.05956313e-01
 -1.52788851e-01  1.64127607e-01  2.44307036e-01  1.21088462e-01
 -5.27327739e-02 -1.22692510e-01  3.62136444e-01  1.56051921e-01
 -6.15697958e-02 -6.71054916e-02  1.79974399e-01 -8.94454110e-02
 -2.09924046e-02 -3.16454319e-02  2.63404657e-01  5.84075655e-01
  4.34102185e-01  4.65604407e-01  6.07833818e-03  0.00000000e+00
  0.00000000e+00  0.00000000e+00  0.00000000e+00  2.70111551e-02
  7.58218255e-02  3.38785306e-03 -6.79110618e-02  4.09504996e-03
  3.97376383e-02 -9.28723670e-02 -1.68610777e-01  4.76757687e-01
 -2.06448726e-01  1.76023368e-01  2.52749399e-01 -2.12703151e-01
 -2.13483169e-01 -1.68583972e-04 -2.51031942e-01 -2.56623877e-01
 -1.26313900e-01 -2.65365362e-01  4.87839512e-02  7.19802864e-01
  7.56319314e-01  3.94678799e-01  0.00000000e+00  0.00000000e+00
  0.00000000e+00  0.00000000e+00  0.00000000e+00  3.44908564e-02
  1.23864570e-01 -5.69590412e-02 -1.10605257e-01  2.23220582e-01
 -1.61245305e-01  2.89489909e-01 -2.88400216e-01  2.42520054e-01
 -4.77885497e-02  4.42842505e-01  4.61539706e-01 -1.07193222e-01
 -2.26361951e-01 -4.26884510e-01 -2.87340447e-01 -4.92272640e-01
 -3.49402624e-01 -6.46105403e-02 -3.43790477e-01  1.44244052e-01
  1.70826340e-01  9.63005911e-02  0.00000000e+00  0.00000000e+00
  0.00000000e+00  0.00000000e+00  0.00000000e+00  3.93482193e-02
  1.35091098e-01  1.04352593e-01 -5.54203392e-03 -1.53840219e-02
 -5.39919790e-01 -1.45418922e-01  8.25828478e-02 -2.56976747e-01
 -1.52863081e-01  1.56094167e-01 -5.09119444e-02 -4.17390774e-01
 -2.82999797e-01 -5.26756627e-01 -4.32836493e-01 -1.73552276e-01
 -2.32580346e-01 -1.90803101e-01 -2.62345611e-02  6.61071131e-02
  6.44960464e-02  0.00000000e+00  0.00000000e+00  0.00000000e+00
  0.00000000e+00  0.00000000e+00  0.00000000e+00  6.36908750e-02
 -1.87283863e-02  7.97880929e-02 -9.86295946e-02 -1.53266015e-02
 -3.93490194e-01  1.01989451e-01  2.80574568e-01  4.71441398e-03
  3.66340560e-01  5.13697581e-01 -2.23248811e-01 -7.32919461e-01
 -2.50832731e-01 -2.13236592e-01 -1.79889925e-01 -2.72301522e-01
 -2.68414492e-01 -6.04268392e-02  6.69059776e-02 -2.67186926e-02
  5.48167176e-02 -2.13529137e-02  0.00000000e+00  0.00000000e+00
  0.00000000e+00  0.00000000e+00  0.00000000e+00 -1.31819962e-02
 -1.62964756e-01 -3.93683729e-01 -1.77997022e-01  1.46354465e-01
 -2.74897303e-01  1.85174450e-01 -3.36879658e-02 -2.71785285e-01
 -3.27445967e-02 -2.40167237e-01 -2.95500076e-01 -2.16390784e-01
 -1.80560177e-01 -2.39645021e-01  2.82645764e-01 -1.26814785e-01
 -4.30700281e-01  2.39286847e-01 -5.50561278e-02  7.55008301e-02
  3.60354394e-03 -4.26409429e-02  0.00000000e+00  0.00000000e+00
  0.00000000e+00  0.00000000e+00  0.00000000e+00 -5.94650008e-02
 -3.17422401e-01 -2.51037576e-01  1.81561753e-01 -2.07989774e-01
 -2.70043108e-01 -1.85184277e-01 -2.96028210e-02  1.18906956e-01
  7.21165556e-02 -2.78987677e-01 -5.89314078e-01 -2.41735584e-01
 -5.02886238e-01 -8.26354340e-02  1.34421154e-01  3.02453348e-02
  1.38578923e-01 -2.73837838e-01  2.20434396e-02  7.60832627e-02
  4.80490108e-03 -6.35138040e-02  0.00000000e+00  0.00000000e+00
  0.00000000e+00  0.00000000e+00  0.00000000e+00  0.00000000e+00
  1.14153429e-01 -4.16741761e-02  3.64401816e-01  4.14500425e-01
  5.95466570e-02  1.66605687e-02 -9.04320549e-03  6.21694789e-02
 -4.95346661e-01 -6.11214744e-01 -3.20989497e-01 -2.61208185e-01
 -8.47430090e-02 -8.38911051e-02 -1.09496914e-01  3.55013887e-01
  3.21109093e-02 -4.31100617e-02 -4.51485870e-02 -1.82493084e-02
  3.52218118e-02 -1.59813979e-02  0.00000000e+00  0.00000000e+00
  0.00000000e+00  0.00000000e+00  0.00000000e+00  0.00000000e+00
  2.80841752e-02  1.09415428e-01 -1.02939273e-01  6.41667629e-02
  2.78720455e-01  2.88624141e-02  2.18693367e-01 -6.08767735e-03
  1.82974799e-01 -2.46967974e-02 -4.20922981e-01 -1.28115380e-01
 -1.11824456e-01 -1.09676169e-01 -7.71134987e-02 -2.96166737e-01
  1.40612526e-01 -1.99407628e-02  6.53234391e-02  4.81323194e-02
  6.11504519e-02  0.00000000e+00  0.00000000e+00  0.00000000e+00
  0.00000000e+00  0.00000000e+00  0.00000000e+00  0.00000000e+00
 -1.53088536e-01  2.97187100e-02  7.84610455e-02  1.56658033e-01
 -1.47921321e-01  1.71986968e-01  1.46926223e-01 -3.04710336e-01
 -5.72092726e-02 -1.52286839e-01 -3.44503959e-01  1.59570977e-01
 -3.20288289e-01  1.72347638e-02  3.77479094e-02 -6.91560899e-02
  1.32365889e-01 -2.68447664e-01 -1.20862877e-01  2.12440929e-02
  2.14556605e-02  0.00000000e+00  0.00000000e+00  0.00000000e+00
  0.00000000e+00  0.00000000e+00  0.00000000e+00  0.00000000e+00
 -9.81442199e-02 -7.00793855e-02  3.04210515e-01  2.60156461e-01
  2.83447630e-01  1.87224728e-01  1.68515755e-01 -1.39338671e-01
  3.08314605e-01 -6.49654452e-02 -3.43683005e-02  7.00339871e-02
 -3.64860614e-01  1.38231293e-01  9.06955971e-02  2.45419921e-01
  1.37475791e-01  7.47968589e-02  1.25600414e-01  6.31169535e-02
  1.48043753e-02  0.00000000e+00  0.00000000e+00  0.00000000e+00
  0.00000000e+00  0.00000000e+00  0.00000000e+00  0.00000000e+00
  8.83846119e-05 -9.26327058e-02 -3.87205517e-02  2.25589020e-01
  3.03426570e-02  3.02385402e-01  6.63495116e-02  4.61414777e-01
  4.86757148e-01  8.44702829e-02 -2.01702566e-01 -6.29062835e-02
  5.61603645e-02 -1.90498698e-03  1.91980691e-01  1.01406114e-01
  1.70070709e-01  2.86033194e-01  1.93792629e-01  5.22625933e-02
  1.71419150e-03  0.00000000e+00  0.00000000e+00  0.00000000e+00
  0.00000000e+00  0.00000000e+00  0.00000000e+00  0.00000000e+00
  0.00000000e+00  7.10947951e-03 -2.35105322e-02  1.89799542e-01
  2.68614360e-01  2.66125967e-01  1.89132998e-01  3.63630175e-01
  9.08925282e-03  2.37682170e-01 -1.94486370e-02 -1.49235245e-01
  2.10570073e-01 -1.98797743e-02 -1.41659775e-01 -3.25467654e-01
 -1.26597538e-02  1.02647041e-01 -8.85502348e-03  1.78892807e-02
  4.52920374e-04  0.00000000e+00  0.00000000e+00  0.00000000e+00
  0.00000000e+00  0.00000000e+00  0.00000000e+00  0.00000000e+00
  0.00000000e+00  0.00000000e+00 -4.42225601e-02  2.17011776e-02
 -1.41159781e-02 -1.78567210e-02 -7.60000108e-02  3.23201627e-01
  5.69193041e-02  2.42693743e-01  2.02523801e-01  1.19386728e-01
  2.77990770e-01 -8.09827350e-02 -1.40434262e-02 -2.14261467e-01
 -6.19922951e-02 -1.34393572e-01 -6.33657108e-02  3.96357467e-04
  0.00000000e+00  0.00000000e+00  0.00000000e+00  0.00000000e+00
  0.00000000e+00  0.00000000e+00  0.00000000e+00  0.00000000e+00
  0.00000000e+00  0.00000000e+00 -6.20610991e-02 -7.47995889e-02
 -8.32323103e-02 -2.43854817e-01  4.61227158e-01  1.73947880e-01
 -1.82107073e-01  2.63127712e-01  2.53432059e-01 -4.72610200e-02
 -2.40685424e-02  2.26629094e-01  1.12355013e-01 -5.13717241e-02
 -2.26615433e-01 -1.95310818e-01 -2.36991578e-02  0.00000000e+00
  0.00000000e+00  0.00000000e+00  0.00000000e+00  0.00000000e+00
  0.00000000e+00  0.00000000e+00  0.00000000e+00  0.00000000e+00
  0.00000000e+00  0.00000000e+00  0.00000000e+00  3.78231086e-03
 -2.11340446e-03 -2.06621204e-01  1.99208963e-01 -1.72721489e-01
  2.81717408e-02  2.30141471e-01  2.35465704e-01  5.91035526e-02
  1.05904254e-01  1.71553910e-01  1.09964287e-01  1.49474852e-02
  2.42828042e-04  0.00000000e+00  0.00000000e+00  0.00000000e+00
  0.00000000e+00  0.00000000e+00  0.00000000e+00  0.00000000e+00
  0.00000000e+00  0.00000000e+00  0.00000000e+00  0.00000000e+00
  0.00000000e+00  0.00000000e+00  0.00000000e+00  0.00000000e+00
  0.00000000e+00  0.00000000e+00  0.00000000e+00  0.00000000e+00
  0.00000000e+00  0.00000000e+00  0.00000000e+00  4.24263944e-02
  6.09879419e-02  6.49654164e-02  0.00000000e+00  0.00000000e+00
  0.00000000e+00  0.00000000e+00  0.00000000e+00  0.00000000e+00
  0.00000000e+00  0.00000000e+00  0.00000000e+00  0.00000000e+00
  0.00000000e+00  0.00000000e+00  0.00000000e+00  0.00000000e+00
  0.00000000e+00  0.00000000e+00  0.00000000e+00  0.00000000e+00
  0.00000000e+00  0.00000000e+00  0.00000000e+00  0.00000000e+00
  0.00000000e+00  0.00000000e+00  0.00000000e+00  0.00000000e+00
  0.00000000e+00  0.00000000e+00  0.00000000e+00  0.00000000e+00
  0.00000000e+00  0.00000000e+00  0.00000000e+00  0.00000000e+00
  0.00000000e+00  0.00000000e+00  0.00000000e+00  0.00000000e+00]
Bias (b) parameter: [1.45734345]


2(a)(ii)
Training time (in s): 65.18214178085327
Number of support vectors, nSV: 1459
Training accuracy (in %): 100.0
[[2000.    0.]
 [   0. 2000.]]
Macro F1-score: 1.0
F1-score for class 4: 1.0
F1-score for class 5: 1.0
Test accuracy (in %): 99.89327641408751
[[981.   1.]
 [  1. 891.]]
Macro F1-score: 0.998930296913958
F1-score for class 4: 0.9989816700610998
F1-score for class 5: 0.9988789237668162
SV indices in X: [0, 1, 4, 8, 9, 10, 12, 14, 23, 25, 26, 27, 31, 34, 36, 37, 39, 44, 45, 48, 49, 51, 52, 53, 57, 65, 66, 68, 72, 73, 74, 76, 77, 79, 80, 84, 86, 90, 92, 98, 99, 104, 105, 109, 110, 114, 117, 119, 120, 122, 123, 125, 129, 131, 133, 134, 137, 138, 140, 142, 148, 150, 155, 156, 157, 161, 162, 165, 167, 168, 172, 174, 175, 176, 179, 182, 191, 195, 197, 198, 201, 205, 207, 209, 211, 213, 216, 217, 219, 223, 224, 227, 231, 234, 235, 239, 240, 241, 247, 249, 251, 256, 258, 260, 262, 263, 266, 269, 273, 274, 275, 277, 278, 281, 282, 284, 291, 292, 294, 305, 306, 307, 308, 310, 311, 312, 316, 330, 331, 334, 339, 342, 345, 351, 353, 358, 362, 366, 371, 373, 377, 378, 385, 386, 388, 389, 390, 391, 396, 397, 399, 402, 407, 408, 409, 413, 414, 415, 418, 419, 420, 423, 424, 426, 431, 437, 439, 442, 443, 444, 446, 448, 451, 452, 453, 456, 459, 461, 462, 463, 464, 466, 467, 468, 472, 477, 478, 479, 483, 486, 488, 489, 490, 491, 493, 495, 499, 507, 509, 510, 511, 515, 519, 522, 525, 527, 531, 532, 534, 537, 538, 539, 542, 543, 547, 548, 549, 553, 558, 563, 566, 567, 568, 569, 573, 580, 584, 588, 590, 592, 595, 602, 604, 611, 612, 613, 616, 617, 618, 623, 624, 625, 626, 629, 630, 632, 635, 639, 640, 642, 644, 654, 657, 658, 659, 660, 661, 662, 664, 666, 669, 671, 672, 674, 678, 680, 681, 682, 683, 687, 688, 690, 692, 694, 697, 702, 705, 706, 707, 709, 710, 716, 718, 719, 722, 724, 726, 729, 733, 738, 740, 741, 743, 744, 745, 748, 749, 751, 753, 754, 755, 757, 763, 769, 771, 772, 777, 782, 784, 794, 795, 801, 805, 808, 809, 813, 817, 822, 824, 831, 832, 833, 844, 848, 849, 850, 857, 858, 860, 861, 862, 866, 867, 870, 873, 879, 883, 884, 885, 888, 889, 892, 894, 895, 897, 898, 903, 904, 905, 906, 907, 908, 912, 913, 914, 915, 916, 924, 926, 927, 929, 931, 932, 934, 935, 945, 952, 956, 963, 968, 971, 972, 976, 978, 980, 983, 987, 989, 996, 997, 1007, 1012, 1014, 1015, 1017, 1019, 1024, 1029, 1032, 1038, 1039, 1045, 1046, 1051, 1052, 1053, 1054, 1058, 1063, 1065, 1069, 1071, 1072, 1075, 1077, 1084, 1087, 1089, 1090, 1091, 1092, 1095, 1098, 1102, 1103, 1108, 1109, 1114, 1117, 1123, 1124, 1128, 1129, 1130, 1131, 1135, 1139, 1145, 1146, 1155, 1157, 1164, 1165, 1166, 1170, 1171, 1173, 1175, 1178, 1181, 1183, 1186, 1190, 1192, 1197, 1198, 1199, 1206, 1211, 1224, 1225, 1231, 1235, 1237, 1241, 1252, 1253, 1256, 1258, 1260, 1263, 1268, 1269, 1271, 1272, 1275, 1276, 1279, 1280, 1284, 1285, 1292, 1296, 1298, 1309, 1313, 1315, 1318, 1326, 1328, 1331, 1332, 1340, 1344, 1347, 1349, 1350, 1354, 1357, 1359, 1360, 1362, 1363, 1365, 1368, 1373, 1374, 1375, 1376, 1377, 1379, 1383, 1387, 1388, 1390, 1391, 1397, 1398, 1399, 1401, 1402, 1404, 1405, 1409, 1410, 1421, 1423, 1425, 1426, 1431, 1432, 1433, 1435, 1438, 1439, 1441, 1447, 1450, 1451, 1452, 1454, 1455, 1460, 1464, 1465, 1466, 1467, 1469, 1471, 1475, 1476, 1477, 1479, 1483, 1489, 1490, 1491, 1493, 1494, 1496, 1497, 1502, 1507, 1511, 1519, 1525, 1526, 1527, 1528, 1529, 1533, 1534, 1540, 1541, 1543, 1544, 1547, 1552, 1556, 1557, 1561, 1563, 1564, 1566, 1567, 1568, 1569, 1570, 1573, 1575, 1577, 1578, 1579, 1585, 1586, 1591, 1593, 1595, 1598, 1602, 1604, 1605, 1606, 1607, 1612, 1616, 1617, 1622, 1626, 1629, 1634, 1635, 1637, 1641, 1642, 1645, 1650, 1651, 1655, 1659, 1660, 1662, 1664, 1665, 1669, 1673, 1675, 1678, 1683, 1684, 1686, 1688, 1693, 1695, 1701, 1703, 1706, 1707, 1710, 1716, 1717, 1719, 1721, 1723, 1728, 1738, 1740, 1742, 1744, 1745, 1747, 1748, 1749, 1750, 1751, 1752, 1753, 1757, 1761, 1762, 1763, 1766, 1768, 1769, 1771, 1772, 1773, 1775, 1779, 1781, 1785, 1791, 1794, 1796, 1802, 1803, 1804, 1806, 1811, 1814, 1817, 1820, 1821, 1824, 1825, 1826, 1827, 1828, 1829, 1830, 1831, 1833, 1834, 1836, 1838, 1844, 1847, 1848, 1851, 1852, 1858, 1863, 1867, 1871, 1872, 1877, 1879, 1880, 1881, 1883, 1884, 1885, 1889, 1891, 1897, 1901, 1902, 1905, 1909, 1916, 1919, 1921, 1923, 1924, 1926, 1927, 1930, 1933, 1937, 1943, 1946, 1954, 1955, 1956, 1963, 1964, 1965, 1969, 1970, 1976, 1978, 1979, 1981, 1988, 1989, 1992, 1993, 1994, 1999, 2003, 2005, 2006, 2007, 2011, 2013, 2015, 2016, 2019, 2020, 2021, 2026, 2028, 2030, 2032, 2035, 2036, 2040, 2043, 2044, 2048, 2054, 2059, 2060, 2068, 2072, 2074, 2075, 2076, 2078, 2081, 2083, 2085, 2088, 2090, 2091, 2097, 2107, 2108, 2109, 2113, 2120, 2125, 2127, 2132, 2137, 2139, 2140, 2141, 2142, 2145, 2149, 2158, 2160, 2166, 2167, 2170, 2176, 2178, 2180, 2181, 2183, 2185, 2190, 2193, 2194, 2195, 2200, 2204, 2206, 2207, 2209, 2213, 2215, 2221, 2224, 2225, 2229, 2230, 2235, 2236, 2237, 2240, 2241, 2243, 2244, 2245, 2246, 2248, 2251, 2252, 2255, 2258, 2262, 2267, 2271, 2273, 2274, 2277, 2278, 2279, 2281, 2282, 2285, 2292, 2293, 2297, 2298, 2299, 2300, 2301, 2305, 2307, 2311, 2316, 2323, 2329, 2337, 2339, 2342, 2343, 2344, 2345, 2348, 2351, 2352, 2353, 2359, 2363, 2373, 2374, 2375, 2378, 2380, 2381, 2384, 2386, 2391, 2392, 2394, 2396, 2398, 2401, 2402, 2404, 2405, 2406, 2407, 2410, 2414, 2421, 2425, 2426, 2427, 2432, 2440, 2446, 2447, 2449, 2452, 2455, 2457, 2459, 2460, 2461, 2462, 2464, 2465, 2467, 2468, 2469, 2476, 2478, 2479, 2482, 2484, 2485, 2493, 2494, 2498, 2499, 2502, 2503, 2508, 2512, 2518, 2522, 2525, 2527, 2532, 2537, 2539, 2541, 2542, 2550, 2554, 2555, 2561, 2563, 2564, 2565, 2569, 2570, 2572, 2574, 2575, 2580, 2581, 2584, 2589, 2593, 2596, 2597, 2602, 2605, 2609, 2611, 2613, 2614, 2615, 2620, 2621, 2629, 2630, 2631, 2632, 2640, 2641, 2643, 2647, 2649, 2650, 2655, 2658, 2663, 2664, 2665, 2668, 2669, 2672, 2673, 2676, 2677, 2680, 2681, 2684, 2686, 2689, 2695, 2696, 2697, 2698, 2700, 2703, 2706, 2708, 2709, 2711, 2712, 2713, 2716, 2719, 2729, 2730, 2733, 2734, 2737, 2739, 2740, 2741, 2747, 2748, 2751, 2756, 2757, 2759, 2765, 2766, 2767, 2769, 2777, 2789, 2790, 2792, 2793, 2797, 2802, 2804, 2807, 2808, 2810, 2815, 2816, 2819, 2824, 2825, 2829, 2831, 2839, 2842, 2844, 2849, 2852, 2853, 2855, 2859, 2864, 2867, 2868, 2870, 2871, 2872, 2875, 2877, 2882, 2883, 2884, 2892, 2894, 2896, 2897, 2901, 2902, 2903, 2906, 2907, 2910, 2913, 2915, 2917, 2924, 2927, 2930, 2931, 2936, 2937, 2940, 2941, 2944, 2949, 2950, 2951, 2953, 2956, 2957, 2958, 2959, 2962, 2964, 2969, 2970, 2971, 2973, 2980, 2981, 2982, 2983, 2986, 2987, 2988, 2989, 2992, 2995, 2997, 2999, 3002, 3007, 3009, 3010, 3012, 3015, 3019, 3020, 3021, 3023, 3025, 3030, 3031, 3035, 3036, 3041, 3042, 3043, 3045, 3048, 3052, 3054, 3055, 3061, 3062, 3063, 3068, 3070, 3074, 3076, 3079, 3081, 3084, 3097, 3099, 3105, 3106, 3107, 3110, 3111, 3116, 3117, 3118, 3120, 3126, 3127, 3128, 3132, 3134, 3138, 3139, 3141, 3142, 3145, 3146, 3149, 3161, 3162, 3168, 3175, 3179, 3180, 3186, 3187, 3189, 3201, 3203, 3207, 3210, 3213, 3217, 3218, 3219, 3222, 3225, 3229, 3230, 3233, 3234, 3240, 3244, 3247, 3248, 3250, 3255, 3256, 3261, 3262, 3264, 3271, 3272, 3273, 3275, 3276, 3278, 3282, 3292, 3293, 3295, 3296, 3301, 3310, 3312, 3314, 3315, 3316, 3317, 3321, 3322, 3323, 3324, 3328, 3330, 3331, 3333, 3335, 3341, 3342, 3345, 3347, 3352, 3353, 3356, 3358, 3366, 3368, 3376, 3377, 3379, 3385, 3386, 3389, 3394, 3399, 3401, 3404, 3408, 3414, 3422, 3424, 3427, 3429, 3430, 3431, 3432, 3443, 3444, 3445, 3454, 3455, 3456, 3459, 3460, 3462, 3463, 3466, 3468, 3470, 3471, 3472, 3473, 3475, 3477, 3478, 3479, 3480, 3483, 3490, 3491, 3492, 3494, 3497, 3498, 3501, 3503, 3509, 3515, 3532, 3533, 3534, 3536, 3538, 3540, 3547, 3548, 3551, 3561, 3562, 3563, 3565, 3568, 3569, 3570, 3571, 3573, 3575, 3576, 3578, 3580, 3584, 3589, 3592, 3595, 3596, 3598, 3599, 3602, 3603, 3606, 3610, 3613, 3617, 3620, 3621, 3624, 3626, 3628, 3630, 3637, 3639, 3642, 3648, 3649, 3651, 3657, 3658, 3660, 3663, 3666, 3670, 3672, 3674, 3677, 3678, 3681, 3684, 3688, 3692, 3693, 3696, 3698, 3699, 3700, 3702, 3703, 3704, 3706, 3708, 3709, 3711, 3714, 3715, 3717, 3727, 3729, 3730, 3732, 3734, 3738, 3739, 3741, 3742, 3744, 3746, 3750, 3752, 3754, 3762, 3765, 3767, 3768, 3771, 3772, 3774, 3777, 3779, 3786, 3788, 3796, 3802, 3808, 3810, 3815, 3816, 3819, 3821, 3822, 3824, 3825, 3828, 3832, 3833, 3834, 3838, 3844, 3845, 3847, 3850, 3851, 3852, 3853, 3854, 3856, 3859, 3862, 3865, 3867, 3873, 3874, 3878, 3880, 3881, 3882, 3885, 3886, 3888, 3892, 3893, 3895, 3898, 3900, 3903, 3906, 3912, 3916, 3918, 3919, 3920, 3927, 3932, 3933, 3934, 3935, 3936, 3942, 3944, 3949, 3953, 3954, 3955, 3959, 3960, 3962, 3965, 3968, 3973, 3974, 3979, 3980, 3983, 3986, 3987, 3992, 3997, 3999]
SV coefficients (transpose): [-0.09215269 -0.04348615 -0.36838516 ...  0.13256944  0.52630307
 -0.22109163]


2(a)(iii)
Training time (in s) (Linear Kernel): 1.7627179622650146
Number of support vectors, nSV: 150
max_w_diff: 0.0002981016893214006
b_diff: 0.00085964
Training accuracy (in %) (Linear Kernel): 100.0
[[2000.    0.]
 [   0. 2000.]]
Macro F1-score: 1.0
F1-score for class 4: 1.0
F1-score for class 5: 1.0
Test accuracy (in %) (Linear Kernel): 98.66595517609392
[[972.  10.]
 [ 15. 877.]]
Macro F1-score: 0.9866251804601451
F1-score for class 4: 0.9873031995937024
F1-score for class 5: 0.985947161326588
Training time (in s) (Gaussian Kernel): 8.348713397979736
Number of support vectors, nSV: 1459
max_coeff_diff: 0.00074583
Training accuracy (in %) (Gaussian Kernel): 100.0
[[2000.    0.]
 [   0. 2000.]]
Macro F1-score: 1.0
F1-score for class 4: 1.0
F1-score for class 5: 1.0
Test accuracy (in %) (Gaussian Kernel): 99.89327641408752
[[981.   1.]
 [  1. 891.]]
Macro F1-score: 0.998930296913958
F1-score for class 4: 0.9989816700610998
F1-score for class 5: 0.9988789237668162


2(b)(i)
Training time (in s): 2487.3961565494537
Test accuracy (in %): 97.23
[[9.690e+02 0.000e+00 1.000e+00 0.000e+00 0.000e+00 3.000e+00 4.000e+00
  1.000e+00 2.000e+00 0.000e+00]
 [0.000e+00 1.121e+03 4.000e+00 2.000e+00 0.000e+00 2.000e+00 2.000e+00
  0.000e+00 3.000e+00 1.000e+00]
 [4.000e+00 0.000e+00 1.000e+03 4.000e+00 2.000e+00 0.000e+00 1.000e+00
  6.000e+00 1.500e+01 0.000e+00]
 [0.000e+00 0.000e+00 8.000e+00 9.850e+02 0.000e+00 4.000e+00 0.000e+00
  6.000e+00 5.000e+00 2.000e+00]
 [0.000e+00 0.000e+00 4.000e+00 0.000e+00 9.620e+02 0.000e+00 6.000e+00
  0.000e+00 2.000e+00 8.000e+00]
 [2.000e+00 0.000e+00 3.000e+00 6.000e+00 1.000e+00 8.660e+02 7.000e+00
  1.000e+00 5.000e+00 1.000e+00]
 [6.000e+00 3.000e+00 0.000e+00 0.000e+00 4.000e+00 4.000e+00 9.390e+02
  0.000e+00 2.000e+00 0.000e+00]
 [1.000e+00 4.000e+00 1.900e+01 2.000e+00 4.000e+00 0.000e+00 0.000e+00
  9.870e+02 2.000e+00 9.000e+00]
 [4.000e+00 0.000e+00 3.000e+00 1.000e+01 2.000e+00 5.000e+00 2.000e+00
  3.000e+00 9.420e+02 3.000e+00]
 [5.000e+00 4.000e+00 3.000e+00 8.000e+00 1.300e+01 3.000e+00 0.000e+00
  7.000e+00 1.400e+01 9.520e+02]]
Macro F1-score: 0.9721508007907497
F1-score for class 0: 0.9832572298325724
F1-score for class 1: 0.9889722099691223
F1-score for class 2: 0.9629272989889263
F1-score for class 3: 0.9718796250616676
F1-score for class 4: 0.9766497461928934
F1-score for class 5: 0.9735806632939854
F1-score for class 6: 0.9786347055758208
F1-score for class 7: 0.9681216282491417
F1-score for class 8: 0.958290946083418
F1-score for class 9: 0.9591939546599496

2(b)(ii)
Training time (in s): 593.4243011474609
Test accuracy (in %): 97.23
[[9.690e+02 0.000e+00 1.000e+00 0.000e+00 0.000e+00 3.000e+00 4.000e+00
  1.000e+00 2.000e+00 0.000e+00]
 [0.000e+00 1.121e+03 3.000e+00 2.000e+00 1.000e+00 2.000e+00 2.000e+00
  0.000e+00 3.000e+00 1.000e+00]
 [4.000e+00 0.000e+00 1.000e+03 4.000e+00 2.000e+00 0.000e+00 1.000e+00
  6.000e+00 1.500e+01 0.000e+00]
 [0.000e+00 0.000e+00 8.000e+00 9.850e+02 0.000e+00 4.000e+00 0.000e+00
  6.000e+00 5.000e+00 2.000e+00]
 [0.000e+00 0.000e+00 4.000e+00 0.000e+00 9.620e+02 0.000e+00 6.000e+00
  0.000e+00 2.000e+00 8.000e+00]
 [2.000e+00 0.000e+00 3.000e+00 6.000e+00 1.000e+00 8.660e+02 7.000e+00
  1.000e+00 5.000e+00 1.000e+00]
 [6.000e+00 3.000e+00 0.000e+00 0.000e+00 4.000e+00 4.000e+00 9.390e+02
  0.000e+00 2.000e+00 0.000e+00]
 [1.000e+00 4.000e+00 1.900e+01 2.000e+00 4.000e+00 0.000e+00 0.000e+00
  9.870e+02 2.000e+00 9.000e+00]
 [4.000e+00 0.000e+00 3.000e+00 1.000e+01 1.000e+00 5.000e+00 3.000e+00
  3.000e+00 9.420e+02 3.000e+00]
 [4.000e+00 4.000e+00 3.000e+00 8.000e+00 1.300e+01 4.000e+00 0.000e+00
  9.000e+00 1.200e+01 9.520e+02]]
Macro F1-score: 0.9721441482606101
F1-score for class 0: 0.983756345177665
F1-score for class 1: 0.9889722099691223
F1-score for class 2: 0.9633911368015413
F1-score for class 3: 0.9718796250616676
F1-score for class 4: 0.9766497461928934
F1-score for class 5: 0.9730337078651685
F1-score for class 6: 0.978125
F1-score for class 7: 0.9671729544341009
F1-score for class 8: 0.9592668024439918
F1-score for class 9: 0.9591939546599496

2(b)(iii)
Miss-classified example indices (test set, random, 10):
2044: Actual value-2, Predicted value-7
1260: Actual value-7, Predicted value-1
320: Actual value-9, Predicted value-7
1754: Actual value-7, Predicted value-2
3369: Actual value-9, Predicted value-7
2266: Actual value-1, Predicted value-6
124: Actual value-7, Predicted value-4
839: Actual value-8, Predicted value-3
2939: Actual value-9, Predicted value-5
4823: Actual value-9, Predicted value-4


2(b)(iv)
Cross-Validation accuracies (in %): [9.39, 9.39, 97.275, 97.37, 97.37]
Test accuracies (in %): [10.09, 10.09, 97.11999999999999, 97.23, 97.23]
